ou1_ml_all_par <-
structure(list(optma = list(structure(list(loglik = -2.59497289481096, 
    AIC = 11.1899457896219, AICc = 13.5899457896219, model = "OU1", 
    param.count = 3, solution = structure(c(354.891322868002, 
    60.7838116718064, 354.891322868002, 60.7838116718064, 354.891322868002, 
    60.7838116718064), .Dim = 2:3, .Dimnames = list(c("alpha", 
    "sigma.sq"), c("aqua_terr", "terrestrial", "vernal"))), mserr.est = NULL, 
    theta = structure(c(2.91782133461978, 0, 0, 0.0813587097447803, 
    0, 0), .Dim = c(3L, 2L), .Dimnames = list(NULL, c("", "se"
    ))), tot.states = structure(c(2L, 2L, 2L, 3L, 3L, 3L, 1L, 
    3L, 3L, 3L, 3L, 3L, 1L, 3L, 3L, 3L, 1L, 3L, 1L, 3L, 3L, 3L, 
    2L, 3L, 1L, 3L, 3L), .Names = c("minor", "microglossa", "debilis", 
    "conjugens", "fremontii", "glaberrima", "gracilis", "coulteri", 
    "ferrisiae", "17", "18", "24", "27", "", "", "", "", "", 
    "", "", "", "", "", "", "", "", ""), .Label = c("aqua_terr", 
    "terrestrial", "vernal"), class = "factor"), index.mat = structure(c(1, 
    2, 1, 2, 1, 2), .Dim = 2:3, .Dimnames = list(c("alpha", "sigma.sq"
    ), NULL)), simmap.tree = FALSE, root.age = NULL, opts = structure(list(
        algorithm = "NLOPT_LN_SBPLX", maxeval = "1000000", ftol_rel = 0.0000000149011611938477), .Names = c("algorithm", 
    "maxeval", "ftol_rel")), data = structure(list(data...2. = c(3, 
    3, 3, 1, 3, 1, 3, 3, 3, 2, 3, 1, 3, 3), data...3. = c(2.57371402402402, 
    2.65419498498499, 3.03118138038038, 3.205195, 3.33784396796797, 
    3.27823614614615, 2.97889447247247, 3.02371111111111, 2.95766998998999, 
    2.86642467567568, 2.81836284684685, 2.68153052052052, 2.21780974674675, 
    2.94554508508509)), .Names = c("data...2.", "data...3."), row.names = c("minor", 
    "microglossa", "debilis", "burkei", "conjugens", "fremontii", 
    "glaberrima", "platycarpha", "californica", "gracilis", "coulteri", 
    "chrysantha", "glabrata", "ferrisiae"), class = "data.frame"), 
    phy = structure(list(edge = structure(c(15L, 16L, 17L, 18L, 
    18L, 19L, 20L, 21L, 21L, 20L, 22L, 23L, 23L, 22L, 24L, 24L, 
    19L, 25L, 26L, 26L, 25L, 17L, 16L, 15L, 27L, 27L, 16L, 17L, 
    18L, 1L, 19L, 20L, 21L, 2L, 3L, 22L, 23L, 11L, 12L, 24L, 
    13L, 14L, 25L, 26L, 4L, 5L, 6L, 7L, 8L, 27L, 9L, 10L), .Dim = c(26L, 
    2L)), Nnode = 13L, tip.label = c("minor", "microglossa", 
    "debilis", "burkei", "conjugens", "fremontii", "glaberrima", 
    "platycarpha", "californica", "gracilis", "coulteri", "chrysantha", 
    "glabrata", "ferrisiae"), edge.length = c(0.114000828096407, 
    0.0934090650870819, 0.055797208224579, 0.736792898591932, 
    0.146303518856454, 0.280894104612367, 0.229341100016872, 
    0.0802541751062381, 0.0802541751062381, 0.305711050755342, 
    0.00151150598206065, 0.0023727183857074, 0.0023727183857074, 
    0.00213296317499641, 0.00175126119277164, 0.00175126119277164, 
    0.456538700068706, 0.0262174739034487, 0.107733205763323, 
    0.107733205763323, 0.133950679666772, 0.792590106816511, 
    0.885999171903593, 0.529325212484456, 0.470674787515544, 
    0.470674787515544), node.label = 3), .Names = c("edge", "Nnode", 
    "tip.label", "edge.length", "node.label"), class = c("chronos", 
    "phylo"), order = "cladewise", call = quote(chronos(phy = lasth, 
        lambda = 1)), ploglik = -1.87876983402614, rates = c(0.0703189077327992, 
    0.0766876832425391, 0.0829342074679519, 0.0771908123765326, 
    0.0941616625125149, 0.102144747422613, 0.102043145317947, 
    0.107023098752041, 0.0966459412463244, 0.106106852722769, 
    0.105900648183123, 0.10591356023905, 0.105762203441806, 0.106360009430481, 
    0.106158203557537, 0.106675230879173, 0.0947099332154962, 
    0.0983236159660652, 0.0945857146030924, 0.104854695951415, 
    0.0905082051551703, 0.0755602553795155, 0.067719099341107, 
    0.0600975222238402, 0.0694461372903214, 0.0457638930055431
    ), message = "relative convergence (4)", PHIIC = structure(list(
        logLik = -1.87795681857601, k = 38L, lambda = 1, PHIIC = 79.7563861691854), .Names = c("logLik", 
    "k", "lambda", "PHIIC"))), root.station = TRUE, starting.vals = NULL, 
    lb = c(-20, -20), ub = c(20, 20), iterations = 134L, res = structure(c(0.344107310595762, 
    0.263626349634792, -0.113360045760598, -0.287373665380218, 
    -0.420022633348188, -0.360414811526368, -0.0610731378526879, 
    -0.105889776491328, -0.039848655370208, 0.0513966589441019, 
    0.0994584877729321, 0.236290814099262, 0.700011587873032, 
    -0.0277237504653081), .Dim = c(14L, 1L))), .Names = c("loglik", 
"AIC", "AICc", "model", "param.count", "solution", "mserr.est", 
"theta", "tot.states", "index.mat", "simmap.tree", "root.age", 
"opts", "data", "phy", "root.station", "starting.vals", "lb", 
"ub", "iterations", "res"), class = "OUwie")), c = list(structure(list(
    loglik = -36.0840628748866, AIC = 78.1681257497732, AICc = 80.5681257497732, 
    model = "OU1", param.count = 3, solution = structure(c(115.382284802259, 
    2566.87735314821, 115.382284802259, 2566.87735314821, 115.382284802259, 
    2566.87735314821), .Dim = 2:3, .Dimnames = list(c("alpha", 
    "sigma.sq"), c("aqua_terr", "terrestrial", "vernal"))), mserr.est = NULL, 
    theta = structure(c(6.35294045535813, 0, 0, 0.977487726440151, 
    0, 0), .Dim = c(3L, 2L), .Dimnames = list(NULL, c("", "se"
    ))), tot.states = structure(c(2L, 2L, 2L, 3L, 3L, 3L, 1L, 
    3L, 3L, 3L, 3L, 3L, 1L, 3L, 3L, 3L, 1L, 3L, 1L, 3L, 3L, 3L, 
    2L, 3L, 1L, 3L, 3L), .Names = c("minor", "microglossa", "debilis", 
    "conjugens", "fremontii", "glaberrima", "gracilis", "coulteri", 
    "ferrisiae", "17", "18", "24", "27", "", "", "", "", "", 
    "", "", "", "", "", "", "", "", ""), .Label = c("aqua_terr", 
    "terrestrial", "vernal"), class = "factor"), index.mat = structure(c(1, 
    2, 1, 2, 1, 2), .Dim = 2:3, .Dimnames = list(c("alpha", "sigma.sq"
    ), NULL)), simmap.tree = FALSE, root.age = NULL, opts = structure(list(
        algorithm = "NLOPT_LN_SBPLX", maxeval = "1000000", ftol_rel = 0.0000000149011611938477), .Names = c("algorithm", 
    "maxeval", "ftol_rel")), data = structure(list(data...2. = c(3, 
    3, 3, 1, 3, 1, 3, 3, 3, 2, 3, 1, 3, 3), data...3. = c(5.79087, 
    10.2477, 7.29065, 2.80294, 2.58759, 7.8927, 1.21223, 12.3798, 
    4.16489, 5.45059, 8.39955, 12.0757, 6.11707, 7.47767)), .Names = c("data...2.", 
    "data...3."), row.names = c("minor", "microglossa", "debilis", 
    "burkei", "conjugens", "fremontii", "glaberrima", "platycarpha", 
    "californica", "gracilis", "coulteri", "chrysantha", "glabrata", 
    "ferrisiae"), class = "data.frame"), phy = structure(list(
        edge = structure(c(15L, 16L, 17L, 18L, 18L, 19L, 20L, 
        21L, 21L, 20L, 22L, 23L, 23L, 22L, 24L, 24L, 19L, 25L, 
        26L, 26L, 25L, 17L, 16L, 15L, 27L, 27L, 16L, 17L, 18L, 
        1L, 19L, 20L, 21L, 2L, 3L, 22L, 23L, 11L, 12L, 24L, 13L, 
        14L, 25L, 26L, 4L, 5L, 6L, 7L, 8L, 27L, 9L, 10L), .Dim = c(26L, 
        2L)), Nnode = 13L, tip.label = c("minor", "microglossa", 
        "debilis", "burkei", "conjugens", "fremontii", "glaberrima", 
        "platycarpha", "californica", "gracilis", "coulteri", 
        "chrysantha", "glabrata", "ferrisiae"), edge.length = c(0.114000828096407, 
        0.0934090650870819, 0.055797208224579, 0.736792898591932, 
        0.146303518856454, 0.280894104612367, 0.229341100016872, 
        0.0802541751062381, 0.0802541751062381, 0.305711050755342, 
        0.00151150598206065, 0.0023727183857074, 0.0023727183857074, 
        0.00213296317499641, 0.00175126119277164, 0.00175126119277164, 
        0.456538700068706, 0.0262174739034487, 0.107733205763323, 
        0.107733205763323, 0.133950679666772, 0.792590106816511, 
        0.885999171903593, 0.529325212484456, 0.470674787515544, 
        0.470674787515544), node.label = 3), .Names = c("edge", 
    "Nnode", "tip.label", "edge.length", "node.label"), class = c("chronos", 
    "phylo"),